-3.505328595638275146e-01 -1.381954848766326904e-01 7.612567543983459473e-01 3.490141779184341431e-02 9.538477659225463867e-01 -8.517178893089294434e-01 7.500532269477844238e-01 -2.526376962661743164e+00 1.563608646392822266e+00 -6.386839151382446289e-01 6.703051924705505371e-01 -5.167255401611328125e-01 -8.154201507568359375e-01 1.192455649375915527e+00 2.419842243194580078e+00 -2.556377053260803223e-01 5.244978666305541992e-01 -1.406525611877441406e+00 -7.849555015563964844e-01 6.404785513877868652e-01 4.538096785545349121e-01 -8.483448624610900879e-02 4.266515001654624939e-02 -2.196746319532394409e-01 -9.597594738006591797e-01 8.369123935699462891e-01 -4.961239099502563477e-01 5.426243692636489868e-02 -4.921160936355590820e-01 -2.008826017379760742e+00 7.772430181503295898e-01 -6.346821188926696777e-01 8.452340364456176758e-01 1.070766925811767578e+00 2.702260911464691162e-01 6.893547177314758301e-01 4.766275584697723389e-01 -6.694640517234802246e-01 1.826804637908935547e+00 3.391281142830848694e-02 8.681138753890991211e-01 -6.136380434036254883e-01 8.894871473312377930e-01 3.448525965213775635e-01 -9.591173529624938965e-01 -1.244090557098388672e+00 4.188660681247711182e-01 4.623007178306579590e-01 -9.644462466239929199e-01 -8.580085039138793945e-01 7.028371095657348633e-01 1.406433105468750000e+00 -8.368313312530517578e-01 3.549191355705261230e-02 -4.592958092689514160e-01 -5.425943136215209961e-01 9.892904162406921387e-01 8.576890230178833008e-01 1.561620682477951050e-01 1.013503909111022949e+00 -7.138018012046813965e-01 8.466077446937561035e-01 -5.269781947135925293e-01 -8.045086264610290527e-01 -9.740076065063476562e-01 7.288880944252014160e-01 -2.230796337127685547e+00 -2.186683863401412964e-01 -8.862824440002441406e-01 1.366040017455816269e-02 9.561401009559631348e-01 -9.449046254158020020e-01 -1.741594552993774414e+00 1.349944472312927246e+00 -1.027402281761169434e+00 6.414949893951416016e-01 -1.043535113334655762e+00 1.411938428878784180e+00 -1.437684416770935059e+00 5.442546606063842773e-01 -1.604474067687988281e+00 2.905598469078540802e-02 2.953766845166683197e-03 -5.217943787574768066e-01 -8.970887660980224609e-01 4.223043322563171387e-01 1.631379485130310059e+00 4.969834685325622559e-01 -1.248025774955749512e+00 -1.218705698847770691e-01 1.025252342224121094e+00 4.782438278198242188e-01 2.328513145446777344e+00 4.534189403057098389e-02 2.342154026031494141e+00 1.656736493110656738e+00 3.344466984272003174e-01 1.310801625251770020e+00 -2.403920143842697144e-01 1.822194755077362061e-01
-1.911079734563827515e-01 2.172661542892456055e+00 1.339797377586364746e+00 8.569049835205078125e-01 -1.040187001228332520e+00 -7.097368240356445312e-01 -8.367866873741149902e-01 1.732537031173706055e+00 -4.012915492057800293e-01 1.268402338027954102e+00 1.508419662714004517e-01 -7.866930365562438965e-01 -6.872330904006958008e-01 -4.267473518848419189e-01 4.636655151844024658e-01 -5.677358433604240417e-02 -8.271722495555877686e-02 1.027519702911376953e+00 -6.358870267868041992e-01 -7.214483618736267090e-01 1.047622561454772949e-01 -1.059125661849975586e+00 -7.928190231323242188e-01 2.440921813249588013e-01 4.772148728370666504e-01 3.304187953472137451e-01 4.247630834579467773e-01 1.792313605546951294e-01 -1.162889242172241211e+00 -1.444571167230606079e-01 5.240694284439086914e-01 1.672606110572814941e+00 3.974773287773132324e-01 3.958751857280731201e-01 3.119359016418457031e-01 -6.494252681732177734e-01 -1.951926350593566895e+00 -1.682830452919006348e+00 3.085160255432128906e-01 -1.348742008209228516e+00 2.499620020389556885e-01 8.283237218856811523e-01 9.820226430892944336e-01 2.206269025802612305e+00 -1.638384580612182617e+00 -2.651258111000061035e-01 1.033359050750732422e+00 2.116999328136444092e-01 2.243146300315856934e-01 -1.104319810867309570e+00 1.449871063232421875e-01 2.192621231079101562e+00 -9.402500391006469727e-01 -6.502842903137207031e-01 3.098545372486114502e-01 5.106551051139831543e-01 1.814238071441650391e+00 -3.968477845191955566e-01 2.489558160305023193e-01 -1.031265109777450562e-01 -6.936586499214172363e-01 7.614628076553344727e-01 -6.413928270339965820e-01 -1.026265263557434082e+00 6.031141281127929688e-01 2.555925846099853516e-01 -2.668876409530639648e+00 3.986763954162597656e-01 1.052434444427490234e+00 1.535878479480743408e-01 1.092277884483337402e+00 9.390134811401367188e-01 -1.349824070930480957e+00 3.151552677154541016e-01 1.920509934425354004e-01 8.414021134376525879e-01 1.248532176017761230e+00 8.479365110397338867e-01 -3.288060799241065979e-02 1.247193574905395508e+00 3.360264897346496582e-01 -6.475519537925720215e-01 -5.563041567802429199e-01 -2.016154676675796509e-01 -1.097220420837402344e+00 -1.440212845802307129e+00 1.387133240699768066e+00 7.928510904312133789e-01 -5.336174368858337402e-01 1.870307087898254395e+00 -2.052046298980712891e+00 7.016000151634216309e-01 -1.769736856222152710e-01 -1.017108201980590820e+00 5.249856710433959961e-01 5.819497108459472656e-01 -3.811585903167724609e-01 4.733027517795562744e-01 -7.690403461456298828e-01 3.088476359844207764e-01
2.083904109895229340e-02 -9.161077141761779785e-01 -8.596886992454528809e-01 -7.231755256652832031e-01 1.164916634559631348e+00 -4.825515747070312500e-01 1.950021147727966309e+00 1.108361110091209412e-01 -5.863264799118041992e-01 1.103668808937072754e+00 -7.553422451019287109e-01 1.808848381042480469e-01 -7.120497226715087891e-01 -5.413945913314819336e-01 5.432902574539184570e-01 1.812978535890579224e-01 -3.203822672367095947e-01 7.129715681076049805e-01 -1.856086254119873047e+00 -9.386684298515319824e-01 -3.579349219799041748e-01 1.168924421072006226e-01 5.627557039260864258e-01 9.236465692520141602e-01 -7.302951216697692871e-01 -1.083787918090820312e+00 -1.663936823606491089e-01 1.067494750022888184e+00 1.445510864257812500e+00 1.006088405847549438e-01 2.506918907165527344e-01 1.715376377105712891e-01 -1.201172322034835815e-01 1.063487410545349121e+00 -1.708171248435974121e+00 -1.101495102047920227e-01 -1.090934276580810547e-01 -1.079352259635925293e+00 1.259509444236755371e+00 -7.082890272140502930e-01 1.467332720756530762e+00 -1.084893107414245605e+00 1.527172684669494629e+00 -5.912352800369262695e-01 -1.163930535316467285e+00 -1.023081898689270020e+00 6.921846270561218262e-01 6.132937669754028320e-01 -6.357026696205139160e-01 6.951224207878112793e-01 -7.259542346000671387e-01 4.875335991382598877e-01 -1.298858642578125000e+00 -5.065425038337707520e-01 -5.469557642936706543e-01 6.387463212013244629e-01 -7.060718536376953125e-01 9.108654856681823730e-01 1.520047336816787720e-01 1.491246968507766724e-01 -2.345465421676635742e+00 -1.202414393424987793e+00 -7.054453492164611816e-01 -1.222498178482055664e+00 -1.013660311698913574e+00 1.547760665416717529e-01 8.762743473052978516e-01 1.820829033851623535e+00 -1.044704318046569824e+00 2.710310816764831543e-01 4.778238534927368164e-01 1.929098129272460938e+00 2.041437476873397827e-01 1.482534259557723999e-01 1.113131284713745117e+00 5.427681803703308105e-01 -9.052456617355346680e-01 -6.888108849525451660e-01 -1.211649775505065918e+00 -5.676872134208679199e-01 1.379161238670349121e+00 8.925424516201019287e-02 -8.230431675910949707e-01 2.051642537117004395e-01 -8.724762201309204102e-01 4.340859055519104004e-01 1.467776894569396973e+00 -6.084398031234741211e-01 -1.107467651367187500e+00 8.468867093324661255e-02 -1.466338396072387695e+00 8.631267547607421875e-01 9.330919981002807617e-01 7.246592640876770020e-01 -4.743200168013572693e-02 -1.337637305259704590e+00 1.389744520187377930e+00 1.429564118385314941e+00 -1.469390511512756348e+00 -7.474574446678161621e-01
9.385313838720321655e-02 1.024741828441619873e-01 -2.095425367355346680e+00 8.620532751083374023e-01 -1.417518734931945801e+00 -9.231125116348266602e-01 2.573581412434577942e-02 -8.267131447792053223e-01 9.943468570709228516e-01 -1.878696799278259277e+00 7.460476160049438477e-01 7.696066498756408691e-01 1.391318202018737793e+00 3.671478927135467529e-01 -6.016017794609069824e-01 -1.197499752044677734e+00 1.539157867431640625e+00 -6.497902274131774902e-01 4.047610238194465637e-02 1.107991337776184082e+00 -2.243741989135742188e+00 1.111259683966636658e-01 -2.423653379082679749e-02 1.745212554931640625e+00 2.006619453430175781e+00 -8.814302682876586914e-01 2.574943304061889648e-01 5.030018091201782227e-01 -1.422143578529357910e+00 -1.770917296409606934e+00 1.070773720741271973e+00 1.889615654945373535e+00 -2.021834999322891235e-01 -7.081711292266845703e-02 -2.338652610778808594e-01 1.713980674743652344e+00 1.042373895645141602e+00 8.446204662322998047e-01 1.900993227958679199e+00 1.019955396652221680e+00 9.128473997116088867e-01 -9.618709683418273926e-01 -1.123372912406921387e+00 8.506171107292175293e-01 -6.946243643760681152e-01 -2.149423398077487946e-02 -4.599447175860404968e-02 -2.966994047164916992e-01 1.057206869125366211e+00 2.391098260879516602e+00 2.932486534118652344e-01 6.383184790611267090e-01 -7.328160107135772705e-02 6.792666912078857422e-01 1.450210660696029663e-01 6.093842983245849609e-01 6.373923420906066895e-01 -5.545603036880493164e-01 -8.886578679084777832e-01 -5.995407700538635254e-01 1.613050222396850586e+00 8.824867010116577148e-01 -3.116036951541900635e-01 1.000861674547195435e-01 3.155068159103393555e-01 -1.570414565503597260e-02 1.810435056686401367e-01 4.146209955215454102e-01 2.698750197887420654e-01 1.300358295440673828e+00 -7.590138316154479980e-01 2.739506661891937256e-01 -2.154285758733749390e-01 5.059241652488708496e-01 8.768517971038818359e-01 -1.773777723312377930e+00 -4.340360760688781738e-01 -1.015642404556274414e+00 1.639745593070983887e+00 9.893944859504699707e-01 1.521806120872497559e+00 8.860906213521957397e-02 8.786395192146301270e-01 -4.824353158473968506e-01 1.700046062469482422e-01 1.260461568832397461e+00 8.488139510154724121e-01 1.363433122634887695e+00 -7.017920613288879395e-01 -1.281283974647521973e+00 -1.855861842632293701e-01 -3.714848160743713379e-01 1.884464472532272339e-01 1.042770147323608398e+00 -3.670426607131958008e-01 -1.974910378456115723e+00 -6.844307780265808105e-01 -4.950916469097137451e-01 3.080909550189971924e-01 6.063750386238098145e-01
-4.422622174024581909e-02 -3.357671201229095459e-01 1.031292155385017395e-01 3.687638044357299805e-02 7.646703124046325684e-01 -4.445795714855194092e-01 5.347128510475158691e-01 -5.474743247032165527e-01 2.036801278591156006e-01 5.303792953491210938e-01 6.060938239097595215e-01 -7.533897161483764648e-01 -1.752598166465759277e+00 1.049872517585754395e+00 -1.383731722831726074e+00 -7.613553404808044434e-01 7.957631945610046387e-01 -2.627513647079467773e+00 9.141647815704345703e-01 6.004364490509033203e-01 1.393353790044784546e-01 -1.229353308677673340e+00 1.701513886451721191e+00 5.260406732559204102e-01 -4.464047849178314209e-01 2.735518693923950195e+00 -5.529295802116394043e-01 1.452840089797973633e+00 -4.128392636775970459e-01 4.065417349338531494e-01 -4.545512497425079346e-01 -3.012629449367523193e-01 -1.327248811721801758e+00 -1.683069825172424316e+00 1.473322272300720215e+00 -4.407817423343658447e-01 -9.725153446197509766e-01 1.326648712158203125e+00 1.082137465476989746e+00 8.197760581970214844e-02 -8.272237777709960938e-01 -1.036201953887939453e+00 -1.385707855224609375e+00 2.335107773542404175e-01 -1.755743384361267090e+00 -2.191219568252563477e+00 -5.471312403678894043e-01 3.899751603603363037e-01 1.317275881767272949e+00 -8.246727585792541504e-01 7.649549841880798340e-01 -1.018973737955093384e-01 -1.938548564910888672e+00 -5.068663954734802246e-01 5.915863513946533203e-01 1.045789241790771484e+00 -5.104201436042785645e-01 7.754043936729431152e-01 3.064217511564493179e-03 -1.614452600479125977e+00 -1.054787784814834595e-01 -1.422347903251647949e+00 8.034326434135437012e-01 1.346412658691406250e+00 -2.196541726589202881e-01 5.969437360763549805e-01 6.135585308074951172e-01 9.838643074035644531e-01 -8.716014623641967773e-01 4.555628299713134766e-01 1.548447608947753906e+00 -6.663740277290344238e-01 -1.073268651962280273e+00 -1.382979869842529297e+00 -2.225843429565429688e+00 -1.580372336320579052e-03 3.026949167251586914e-01 2.596806585788726807e-01 -1.149155020713806152e+00 -9.598309397697448730e-01 1.611128263175487518e-02 5.180673003196716309e-01 -2.073590517044067383e+00 -1.633727192878723145e+00 1.943281292915344238e-01 -3.259108960628509521e-01 -1.133103519678115845e-01 -3.663592934608459473e-01 -2.578002691268920898e+00 9.342847466468811035e-01 7.729799151420593262e-01 -1.066846489906311035e+00 1.090392231941223145e+00 3.674981892108917236e-01 8.388820886611938477e-01 -2.639066576957702637e-01 2.461592435836791992e+00 3.164048492908477783e-01 -9.384202361106872559e-01 6.504136323928833008e-01
-3.960827291011810303e-01 1.356245279312133789e+00 -9.246326088905334473e-01 3.586444258689880371e-01 -4.321326613426208496e-01 1.226375818252563477e+00 -1.595443040132522583e-01 6.066483855247497559e-01 -7.502444088459014893e-03 -5.306693911552429199e-01 6.074865907430648804e-02 -8.056805133819580078e-01 2.682890594005584717e-01 5.928732156753540039e-01 4.945295155048370361e-01 8.362382650375366211e-01 -1.301509886980056763e-01 -6.909621953964233398e-01 -4.797817468643188477e-01 -3.295701444149017334e-01 -1.054816603660583496e+00 2.455602586269378662e-01 -1.673846244812011719e-01 5.768004059791564941e-01 -1.433295011520385742e+00 1.220473408699035645e+00 1.280071139335632324e-01 3.714209496974945068e-01 1.620454788208007812e-01 8.111773990094661713e-03 -5.467750877141952515e-02 -1.347917169332504272e-01 -8.860641717910766602e-01 -1.590709239244461060e-01 -3.778522014617919922e-01 4.242418408393859863e-01 6.378625035285949707e-01 -2.744233846664428711e+00 2.611000537872314453e-01 4.787973463535308838e-01 1.097230076789855957e+00 -5.598380565643310547e-01 -1.552155017852783203e+00 1.068579196929931641e+00 -5.499017611145973206e-02 -1.844165086746215820e+00 -2.352025032043457031e+00 -1.400996565818786621e+00 5.778952240943908691e-01 -3.761772215366363525e-01 -3.919966816902160645e-01 7.192889600992202759e-02 -5.412881970405578613e-01 -1.813926994800567627e-01 3.679779469966888428e-01 3.148184418678283691e-01 8.140673637390136719e-01 -1.272163391113281250e+00 4.073811769485473633e-01 8.085408210754394531e-01 -1.385080575942993164e+00 -1.001825928688049316e+00 1.021641254425048828e+00 1.231843829154968262e+00 1.358664393424987793e+00 4.252081811428070068e-01 1.209022849798202515e-01 8.091599345207214355e-01 6.481652259826660156e-01 1.458551883697509766e+00 -8.009026646614074707e-01 -5.593234300613403320e-02 -1.163266181945800781e+00 -2.331575006246566772e-01 -2.525911629199981689e-01 -1.164877191185951233e-01 9.581875205039978027e-01 4.372609555721282959e-01 -1.455939561128616333e-01 -7.211739569902420044e-02 6.511684060096740723e-01 -1.456189006567001343e-01 1.620270490646362305e+00 -7.983651757240295410e-01 9.628149271011352539e-01 -7.524368166923522949e-01 -7.266733646392822266e-01 -4.512664377689361572e-01 -1.033726334571838379e+00 3.517380356788635254e-01 -1.872861832380294800e-01 -1.414358466863632202e-01 3.071577101945877075e-02 3.067674040794372559e-01 1.544655442237854004e+00 -1.654710471630096436e-01 9.300124049186706543e-01 -1.350891143083572388e-01 -1.373421072959899902e+00 5.252311825752258301e-01
7.387424111366271973e-01 1.372557282447814941e+00 5.699609518051147461e-01 -2.061125636100769043e-01 7.228232026100158691e-01 -9.433927536010742188e-01 2.155648469924926758e+00 -4.647817909717559814e-01 -1.102828383445739746e+00 -1.063314437866210938e+00 1.141356468200683594e+00 -7.842086553573608398e-01 -1.241472005844116211e+00 1.611013293266296387e+00 2.777889072895050049e-01 1.088823795318603516e+00 2.547077417373657227e+00 3.663743436336517334e-01 -1.058253169059753418e+00 7.165365815162658691e-01 9.320757985115051270e-01 -9.356175065040588379e-01 -4.416009038686752319e-02 -6.858404874801635742e-01 -8.098403811454772949e-01 -9.648654460906982422e-01 -5.982046127319335938e-01 1.079241156578063965e+00 -5.931622385978698730e-01 5.850090980529785156e-01 5.127521157264709473e-01 2.743006348609924316e-01 1.737087070941925049e-01 -2.357165813446044922e+00 7.691619396209716797e-01 -1.543511748313903809e+00 1.557557940483093262e+00 8.252240419387817383e-01 1.076133688911795616e-03 -4.364672899246215820e-01 -8.877653479576110840e-01 -2.030418157577514648e+00 1.225334286689758301e+00 -6.181590557098388672e-01 4.251207225024700165e-03 8.060157299041748047e-02 2.454062998294830322e-01 -1.397897005081176758e+00 1.160508275032043457e+00 1.493393659591674805e+00 -1.899892568588256836e+00 -1.667429566383361816e+00 1.280044794082641602e+00 1.123429417610168457e+00 -1.015057206153869629e+00 7.442141175270080566e-01 -3.393107354640960693e-01 8.335263133049011230e-01 -4.496950805187225342e-01 5.233475193381309509e-02 5.779595300555229187e-02 -1.805243253707885742e+00 -4.442268610000610352e-01 -1.091440558433532715e+00 1.334784269332885742e+00 6.989564001560211182e-02 -2.044542074203491211e+00 -7.698483020067214966e-02 -2.703730762004852295e-01 9.951567649841308594e-01 6.584363579750061035e-01 -6.975629925727844238e-01 -1.722812205553054810e-01 -1.181428909301757812e+00 -3.701701462268829346e-01 2.319169044494628906e+00 4.159961361438035965e-03 5.474090576171875000e-01 -1.490074634552001953e+00 2.393508434295654297e+00 -1.769223809242248535e+00 8.277359008789062500e-01 8.452760577201843262e-01 9.335543513298034668e-01 1.284286499023437500e+00 -1.426300168037414551e+00 -1.609915494918823242e+00 -4.562227800488471985e-02 -3.330201506614685059e-01 4.358435869216918945e-01 -1.440942525863647461e+00 1.911512613296508789e-01 -1.243141055107116699e+00 2.476708730682730675e-03 -9.037475585937500000e-01 4.378043711185455322e-01 1.456429600715637207e+00 9.657474756240844727e-01 -1.407353639602661133e+00 8.836164474487304688e-01
4.254668205976486206e-02 -3.539794683456420898e-01 2.469259053468704224e-01 -1.122400999069213867e+00 -1.536997199058532715e+00 -6.416456103324890137e-01 1.607407927513122559e-01 -4.372246265411376953e-01 -5.525768399238586426e-01 4.124735593795776367e-01 3.753980994224548340e-01 -6.462010145187377930e-01 -1.193569064140319824e+00 7.255834937095642090e-01 -2.151582986116409302e-01 -1.070922017097473145e+00 -1.875801444053649902e+00 1.258903384208679199e+00 -7.119082808494567871e-01 3.091517388820648193e-01 3.878076076507568359e-01 -1.758871078491210938e+00 3.048655986785888672e-01 3.795490860939025879e-01 -1.848664879798889160e+00 9.211991727352142334e-02 -1.143141508102416992e+00 -2.510425746440887451e-01 8.830048441886901855e-01 1.036274194717407227e+00 1.100458025932312012e+00 2.151036024093627930e+00 -8.671147227287292480e-01 -3.296751379966735840e-01 1.332755804061889648e+00 9.250050783157348633e-01 -6.944816112518310547e-01 -1.282931566238403320e+00 2.679780423641204834e-01 8.908634074032306671e-03 1.662067770957946777e+00 -5.804250240325927734e-01 4.400998055934906006e-01 1.216902375221252441e+00 6.595968008041381836e-01 -4.453129470348358154e-01 -6.918128728866577148e-01 -9.441307932138442993e-02 -2.032173395156860352e+00 -1.932811737060546875e+00 3.002923727035522461e-01 -5.099827647209167480e-01 9.890523552894592285e-01 -4.130433797836303711e-01 -1.335935235023498535e+00 -1.131194353103637695e+00 -1.425462841987609863e+00 4.019052982330322266e-01 9.241996333003044128e-03 -4.741971492767333984e-01 1.902160793542861938e-01 -1.455216050148010254e+00 -6.092875003814697266e-01 7.541642189025878906e-01 -9.862264394760131836e-01 2.075887203216552734e+00 -2.265177816152572632e-01 6.763278841972351074e-01 -6.309075355529785156e-01 -1.075308799743652344e+00 -1.090262055397033691e+00 -8.015169501304626465e-01 -1.803307682275772095e-01 9.861807227134704590e-01 -1.038036942481994629e+00 8.065536022186279297e-01 -2.666401863098144531e-01 -1.336220465600490570e-02 9.495621323585510254e-01 -3.346840739250183105e-01 -1.852519631385803223e+00 -5.764123201370239258e-01 3.410145342350006104e-01 -2.026034891605377197e-01 8.916686177253723145e-01 4.161856770515441895e-01 -7.417603135108947754e-01 -2.111011028289794922e+00 -6.560385823249816895e-01 -8.456875085830688477e-01 1.094159007072448730e+00 6.911295652389526367e-01 1.399338364601135254e+00 4.404087066650390625e-01 9.665417671203613281e-02 -5.339958667755126953e-01 9.562836587429046631e-02 1.335664510726928711e+00 -1.204190015792846680e+00 -9.091641902923583984e-01
-5.628050565719604492e-01 -6.132911145687103271e-02 -2.389234542846679688e+00 1.201387405395507812e+00 2.399979114532470703e+00 -6.475789123214781284e-04 1.610481858253479004e+00 9.618049263954162598e-01 1.023490786552429199e+00 1.629503965377807617e+00 1.610821127891540527e+00 5.891316533088684082e-01 5.588808655738830566e-01 2.028965711593627930e+00 1.984466463327407837e-01 -2.361207008361816406e+00 1.673643469810485840e+00 3.784811198711395264e-01 -1.406854033470153809e+00 8.563706278800964355e-02 1.535084843635559082e+00 1.820683330297470093e-01 3.228186368942260742e-01 -5.705316066741943359e-01 -4.691890180110931396e-01 6.165519952774047852e-01 1.163620315492153168e-02 -5.357919931411743164e-01 7.692923545837402344e-01 1.305747181177139282e-01 1.073360085487365723e+00 1.848246157169342041e-02 1.241104677319526672e-01 -6.290175765752792358e-02 2.706168889999389648e-01 7.581227421760559082e-01 2.287021279335021973e-01 -7.420912981033325195e-01 -1.300464034080505371e+00 -4.127751886844635010e-01 -1.889651641249656677e-02 -4.824617505073547363e-02 3.642293810844421387e-01 4.398088455200195312e-01 1.142454147338867188e+00 1.712239384651184082e+00 -6.567104458808898926e-01 -8.606713414192199707e-01 2.584138512611389160e-01 3.060905635356903076e-01 -7.798351049423217773e-01 1.390923023223876953e+00 6.528389453887939453e-01 -4.978249073028564453e-01 5.435928702354431152e-01 -2.339591979980468750e+00 1.533367753028869629e+00 -1.044531241059303284e-01 -3.036152720451354980e-01 -7.898781299591064453e-01 -1.552377343177795410e-01 -1.069507122039794922e+00 1.103140592575073242e+00 -1.649335622787475586e+00 -6.814225316047668457e-01 -9.166217595338821411e-02 -1.438674449920654297e+00 -1.764630824327468872e-01 6.887807250022888184e-01 -3.343822658061981201e-01 2.642567455768585205e-01 2.819289267063140869e-01 -1.839704215526580811e-01 1.979902863502502441e+00 -3.227077424526214600e-01 -1.161506772041320801e+00 3.433678448200225830e-01 2.223705798387527466e-01 -8.530117273330688477e-01 3.838457465171813965e-01 -1.627632141113281250e+00 -7.613041996955871582e-01 -5.505866184830665588e-02 2.945743203163146973e-01 -2.022875249385833740e-01 -8.820459842681884766e-01 9.609833359718322754e-02 4.183881282806396484e-01 8.161120414733886719e-01 -5.250082015991210938e-01 1.201501011848449707e+00 -2.574842572212219238e-01 -9.925050139427185059e-01 5.742235183715820312e-01 1.254548192024230957e+00 -5.843827724456787109e-01 -2.806003391742706299e-01 1.542474627494812012e+00 7.670295834541320801e-01 8.355350494384765625e-01
-7.150374650955200195e-01 7.268360853195190430e-01 -3.905989527702331543e-01 1.800979495048522949e+00 7.391793131828308105e-01 -2.523828983306884766e+00 6.559528708457946777e-01 1.916206836700439453e+00 7.389491796493530273e-01 -1.219487786293029785e+00 1.076568484306335449e+00 1.482977569103240967e-01 1.618355214595794678e-01 -6.179498434066772461e-01 -2.479206919670104980e-01 -2.417239993810653687e-01 -4.895449802279472351e-02 6.670005321502685547e-01 7.447100281715393066e-01 -1.251094818115234375e+00 -1.032521367073059082e+00 -2.147564172744750977e+00 -1.277380529791116714e-02 -1.923591136932373047e+00 1.405294537544250488e+00 1.357847213745117188e+00 9.678458571434020996e-01 -1.088054031133651733e-01 4.887257218360900879e-01 -4.886831641197204590e-01 5.690242648124694824e-01 1.600664854049682617e-01 -3.233157098293304443e-01 3.677648603916168213e-01 -1.306835889816284180e+00 -6.918208003044128418e-01 -1.012300372123718262e+00 -1.757217884063720703e+00 -7.258689403533935547e-01 -3.475494980812072754e-01 -5.944637656211853027e-01 1.009652256965637207e+00 2.592954635620117188e-01 2.407412230968475342e-01 1.128998756408691406e+00 -9.088281989097595215e-01 8.845092058181762695e-01 -3.179841935634613037e-01 -3.298648834228515625e+00 2.431267499923706055e+00 2.219466209411621094e+00 5.802987515926361084e-02 1.772263765335083008e+00 9.916961193084716797e-01 -1.039674639701843262e+00 8.201024532318115234e-01 1.258402824401855469e+00 2.094819992780685425e-01 5.726532936096191406e-01 -2.266569137573242188e-01 1.220680356025695801e+00 2.102798670530319214e-01 -8.912017074180766940e-05 -1.596813797950744629e+00 -2.897145152091979980e-01 7.676598429679870605e-02 -1.359252333641052246e+00 -7.590200901031494141e-01 6.547059416770935059e-01 -1.508758902549743652e+00 5.598418712615966797e-01 1.309201836585998535e+00 7.680134177207946777e-01 -3.624432086944580078e-01 -2.050386190414428711e+00 1.387887239456176758e+00 -1.134603500366210938e+00 1.183152914047241211e+00 2.055125236511230469e-01 -6.053132414817810059e-01 1.316189289093017578e+00 -2.648372575640678406e-02 -8.798474669456481934e-01 1.300563812255859375e+00 3.171471655368804932e-01 -2.158228874206542969e+00 1.445600390434265137e+00 7.695423364639282227e-01 -4.816893637180328369e-01 1.145589426159858704e-01 -1.089725136756896973e+00 -5.187850594520568848e-01 -3.749275505542755127e-01 1.252193927764892578e+00 1.950385928153991699e+00 -1.811236858367919922e+00 2.443284988403320312e+00 -5.593799427151679993e-02 1.365480184555053711e+00 -6.170919537544250488e-01
